0 0.0734375 0.0625 0.09765625 0.10546875
4 0.21015625 0.06171875 0.0875 0.1125
4 0.36875 0.0375 0.121875 0.05546875
9 0.36953125 0.0328125 0.12265625 0.05859375
9 0.35703125 0.075 0.13515625 0.06953125
21 0.6046875 0.07421875 0.05625 0.05546875
21 0.653125 0.08046875 0.0546875 0.0453125
21 0.68515625 0.065625 0.04140625 0.05703125
21 0.640625 0.0390625 0.059375 0.0359375
17 0.92578125 0.3234375 0.0890625 0.1015625
21 0.90078125 0.16640625 0.05625 0.04921875
21 0.925 0.18984375 0.109375 0.10234375
8 0.63828125 0.578125 0.0921875 0.10546875
21 0.1015625 0.584375 0.075 0.0703125
21 0.03828125 0.58203125 0.05625 0.07265625
17 0.04609375 0.709375 0.06171875 0.06953125
17 0.10078125 0.69609375 0.05390625 0.07578125
15 0.21328125 0.57890625 0.10546875 0.10390625
15 0.528125 0.840625 0.06953125 0.07734375
15 0.46484375 0.83125 0.065625 0.08046875
24 0.3859375 0.83984375 0.06484375 0.09453125
24 0.3234375 0.84921875 0.06328125 0.0796875
14 0.80859375 0.70546875 0.05390625 0.084375
14 0.76015625 0.7125 0.06484375 0.07890625
1 0.21875 0.19609375 0.125 0.0734375
15 0.66640625 0.19140625 0.06484375 0.09296875
15 0.61015625 0.19296875 0.05390625 0.0796875
8 0.821875 0.32421875 0.0828125 0.084375
8 0.753125 0.32265625 0.07265625 0.0875
8 0.215625 0.44765625 0.09609375 0.10390625
8 0.04921875 0.4578125 0.07109375 0.075
8 0.103125 0.43984375 0.05 0.075
6 0.6640625 0.7078125 0.0421875 0.11171875
6 0.6171875 0.70703125 0.0421875 0.11328125
2 0.78046875 0.45078125 0.12578125 0.08984375
17 0.9015625 0.59140625 0.059375 0.075
17 0.95390625 0.596875 0.05546875 0.0640625
17 0.9265625 0.54765625 0.0609375 0.05078125
15 0.81015625 0.834375 0.05390625 0.09375
15 0.74921875 0.84375 0.0625 0.078125
16 0.3578125 0.32265625 0.109375 0.09140625
7 0.50078125 0.33046875 0.13046875 0.0203125
7 0.48515625 0.3046875 0.103125 0.0328125
7 0.49453125 0.3203125 0.03828125 0.0796875
8 0.6140625 0.43828125 0.05546875 0.07421875
8 0.66875 0.4453125 0.05625 0.0796875
0 0.94609375 0.72109375 0.0703125 0.0734375
0 0.89296875 0.7 0.0625 0.0765625
0 0.07109375 0.19296875 0.09453125 0.1046875