24 0.0859375 0.17421875 0.0703125 0.14609375
24 0.17578125 0.09453125 0.09296875 0.08671875
24 0.26015625 0.16328125 0.0859375 0.109375
24 0.23359375 0.2078125 0.071875 0.0703125
24 0.1578125 0.1734375 0.084375 0.07734375
12 0.503125 0.140625 0.24296875 0.19609375
14 0.93359375 0.15546875 0.06796875 0.1
14 0.86953125 0.08984375 0.07265625 0.0640625
14 0.8640625 0.1609375 0.07265625 0.08515625
14 0.8015625 0.13984375 0.06171875 0.08203125
18 0.70078125 0.2953125 0.12421875 0.23203125
0 0.52109375 0.3625 0.096875 0.121875
0 0.4265625 0.34453125 0.08515625 0.12578125
25 0.184375 0.37578125 0.2625 0.13671875
14 0.16328125 0.559375 0.20546875 0.1515625
8 0.69375 0.55546875 0.1578125 0.1890625
17 0.91171875 0.41953125 0.15546875 0.23671875