0 0.3109375 0.9109375 0.253125 0.175
0 0.3453125 0.72734375 0.290625 0.18984375
0 0.0953125 0.91640625 0.190625 0.165625
0 0.10859375 0.7296875 0.2171875 0.18515625
0 0.1625 0.53203125 0.265625 0.18671875
0 0.4640625 0.5328125 0.2875 0.1890625
0 0.3109375 0.3390625 0.2859375 0.18984375
0 0.08046875 0.33828125 0.1609375 0.1765625
0 0.44296875 0.1453125 0.290625 0.1953125
0 0.1640625 0.15234375 0.26796875 0.17109375
0 0.9578125 0.90078125 0.0828125 0.1890625
0 0.7921875 0.8984375 0.22734375 0.18828125
0 0.54765625 0.903125 0.23828125 0.1796875
0 0.6359375 0.70234375 0.2859375 0.1875
0 0.88671875 0.696875 0.225 0.19921875
0 0.73671875 0.4953125 0.328125 0.19375
0 0.9515625 0.50078125 0.08515625 0.18671875
0 0.86875 0.3078125 0.259375 0.1828125
0 0.5953125 0.31953125 0.3078125 0.1703125
0 0.73046875 0.1359375 0.2765625 0.18046875
0 0.9359375 0.14921875 0.128125 0.1796875
0 0.54375 0.03203125 0.27734375 0.0640625
0 0.825 0.03515625 0.2734375 0.06953125
0 0.35859375 0.02578125 0.0875 0.0515625
0 0.278125 0.01953125 0.06328125 0.0390625
0 0.1328125 0.02734375 0.15625 0.0546875