0 0.5890625 0.68828125 0.36796875 0.578125
0 0.29609375 0.79140625 0.23984375 0.396875
0 0.865625 0.5265625 0.24375 0.53828125
24 0.28984375 0.79609375 0.2265625 0.4078125
1 0.084375 0.62265625 0.16328125 0.4640625
1 0.14765625 0.34296875 0.2953125 0.68515625
11 0.35859375 0.39375 0.08671875 0.15078125
11 0.5328125 0.35078125 0.10078125 0.1265625
11 0.44921875 0.31640625 0.084375 0.1359375
11 0.590625 0.25 0.1328125 0.146875
11 0.33828125 0.178125 0.09921875 0.15546875
11 0.63046875 0.115625 0.0703125 0.13203125
11 0.45390625 0.12265625 0.10234375 0.12265625
11 0.38203125 0.04921875 0.0890625 0.0984375
11 0.2875 0.05 0.08046875 0.09140625
11 0.6703125 0.37421875 0.0890625 0.11796875
12 0.4890625 0.22890625 0.47578125 0.4578125
24 0.746875 0.24375 0.1375 0.15859375