18 0.28203125 0.77265625 0.15078125 0.3140625
18 0.23359375 0.54296875 0.18828125 0.26640625
18 0.0765625 0.5953125 0.153125 0.1875
18 0.17578125 0.40234375 0.290625 0.18515625
17 0.4328125 0.50703125 0.19453125 0.2515625
17 0.42578125 0.26796875 0.17421875 0.22890625
17 0.2609375 0.190625 0.171875 0.23359375
17 0.02109375 0.1515625 0.0421875 0.196875
17 0.1015625 0.071875 0.175 0.14375
17 0.2625 0.03515625 0.16640625 0.0703125
17 0.43671875 0.07421875 0.18125 0.1484375
17 0.6609375 0.19375 0.178125 0.234375
17 0.8125 0.0734375 0.18125 0.146875
17 0.62421875 0.03828125 0.175 0.0765625
17 0.95703125 0.08203125 0.08359375 0.1640625
0 0.696875 0.7828125 0.2140625 0.27109375
0 0.66640625 0.49921875 0.19609375 0.27578125
0 0.853125 0.32890625 0.21484375 0.25703125
0 0.85390625 0.58984375 0.19296875 0.26328125
0 0.884375 0.88046875 0.21328125 0.23515625
0 0.96171875 0.70703125 0.07421875 0.2703125
0 0.96875 0.42578125 0.05859375 0.2390625
10 0.0765625 0.896875 0.153125 0.196875