24 0.18125 0.11640625 0.13203125 0.15625
24 0.3203125 0.1359375 0.1359375 0.16796875
24 0.23828125 0.28125 0.14375 0.171875
24 0.3796875 0.29375 0.1109375 0.16328125
7 0.1609375 0.47421875 0.0609375 0.3328125
7 0.24609375 0.49921875 0.07265625 0.24140625
7 0.31796875 0.47890625 0.06484375 0.2609375
0 0.434375 0.48828125 0.12890625 0.2296875
4 0.77578125 0.5359375 0.21953125 0.2609375
20 0.775 0.8234375 0.2 0.28359375
25 0.42265625 0.74140625 0.3328125 0.2296875
23 0.8 0.29296875 0.1171875 0.1484375
23 0.6921875 0.303125 0.09453125 0.128125
23 0.80859375 0.1453125 0.084375 0.1359375
23 0.703125 0.13671875 0.08828125 0.1734375